camera_matrix:
- - 779.2574443406461
  - 0.0
  - 522.8275092123953
- - 0.0
  - 779.3264959042945
  - 261.7226593017133
- - 0.0
  - 0.0
  - 1.0
dist_coeff:
- - 0.0414669554233004
  - -0.11890535274447037
  - -0.0036333324731287783
  - 0.0010618942581496892
  - 0.03350419524641851
